hidden_sizes: (128, 64, 32)
lr: 0.009855181793809537
dropout: 0.10908760041629485
weight_decay: 0.0007683737495787834
batch_size: 8
epochs: 300
